###C++ Z-OBF

7f45 4c46 0201 0100 0000 0000 0000 0000
0300 3e00 0100 0000 0113 0000 0000 0000
4000 0000 0000 0000 783d 0000 0000 0000
0000 0000 4000 3800 0d00 4000 2400 2300
0600 0000 0400 0000 4000 0000 0000 0000
4000 0000 0000 0000 4000 0000 0000 0000
d802 0000 0000 0000 d802 0000 0000 0000
0800 0000 0000 0000 0300 0000 0400 0000
a021 0000 0000 0000 a021 0000 0000 0000
a021 0000 0000 0000 1c00 0000 0000 0000
1c00 0000 0000 0000 1000 0000 0000 0000
0100 0000 0400 0000 0000 0000 0000 0000
0000 0000 0000 0000 0000 0000 0000 0000
400c 0000 0000 0000 400c 0000 0000 0000
0010 0000 0000 0000 0100 0000 0500 0000
0010 0000 0000 0000 0010 0000 0000 0000
0010 0000 0000 0000 b107 0000 0000 0000
b107 0000 0000 0000 0010 0000 0000 0000
0100 0000 0400 0000 0020 0000 0000 0000
0020 0000 0000 0000 0020 0000 0000 0000
d402 0000 0000 0000 d402 0000 0000 0000
0010 0000 0000 0000 0100 0000 0600 0000
082e 0000 0000 0000 083e 0000 0000 0000
083e 0000 0000 0000 e802 0000 0000 0000
f002 0000 0000 0000 0010 0000 0000 0000
0200 0000 0600 0000 182e 0000 0000 0000
183e 0000 0000 0000 183e 0000 0000 0000
c001 0000 0000 0000 c001 0000 0000 0000
0800 0000 0000 0000 0400 0000 0400 0000
1803 0000 0000 0000 1803 0000 0000 0000
1803 0000 0000 0000 3000 0000 0000 0000
3000 0000 0000 0000 0800 0000 0000 0000
0400 0000 0400 0000 4803 0000 0000 0000
4803 0000 0000 0000 4803 0000 0000 0000
2400 0000 0000 0000 2400 0000 0000 0000
0400 0000 0000 0000 53e5 7464 0400 0000
1803 0000 0000 0000 1803 0000 0000 0000
1803 0000 0000 0000 3000 0000 0000 0000
3000 0000 0000 0000 0800 0000 0000 0000
50e5 7464 0400 0000 bc21 0000 0000 0000
bc21 0000 0000 0000 bc21 0000 0000 0000
3c00 0000 0000 0000 3c00 0000 0000 0000
0400 0000 0000 0000 51e5 7464 0600 0000
0000 0000 0000 0000 0000 0000 0000 0000
0000 0000 0000 0000 0000 0000 0000 0000
0000 0000 0000 0000 1000 0000 0000 0000
52e5 7464 0400 0000 082e 0000 0000 0000
083e 0000 0000 0000 083e 0000 0000 0000
f801 0000 0000 0000 f801 0000 0000 0000
0100 0000 0000 0000 0400 0000 2000 0000
0500 0000 474e 5500 0100 01c0 0400 0000
0100 0000 0000 0000 0200 01c0 0400 0000
0000 0000 0000 0000 0400 0000 1400 0000
0300 0000 474e 5500 a049 295e 9401 0dfc
313c 5e5a 6f28 2a68 a047 522b 0000 0000
0300 0000 1e00 0000 0100 0000 0600 0000
2000 8010 a404 2214 1e00 0000 2100 0000
2200 0000 a60a 1ab8 56f9 600f 630c 7f0f
35a7 5280 7c71 9d7c 7bc9 c729 0000 0000
0000 0000 0000 0000 0000 0000 0000 0000
0000 0000 0000 0000 1501 0000 1200 0000
0000 0000 0000 0000 0000 0000 0000 0000
8100 0000 1200 0000 0000 0000 0000 0000
0000 0000 0000 0000 9200 0000 1200 0000
0000 0000 0000 0000 0000 0000 0000 0000
6e00 0000 1200 0000 0000 0000 0000 0000
0000 0000 0000 0000 1000 0000 2000 0000
0000 0000 0000 0000 0000 0000 0000 0000
a300 0000 1200 0000 0000 0000 0000 0000
0000 0000 0000 0000 8c00 0000 1200 0000
0000 0000 0000 0000 0000 0000 0000 0000
b600 0000 1200 0000 0000 0000 0000 0000
0000 0000 0000 0000 c200 0000 1200 0000
0000 0000 0000 0000 0000 0000 0000 0000
1c01 0000 1200 0000 0000 0000 0000 0000
0000 0000 0000 0000 bb00 0000 1200 0000
0000 0000 0000 0000 0000 0000 0000 0000
2601 0000 1200 0000 0000 0000 0000 0000
0000 0000 0000 0000 e900 0000 1200 0000
0000 0000 0000 0000 0000 0000 0000 0000
fc00 0000 1200 0000 0000 0000 0000 0000
0000 0000 0000 0000 cb00 0000 1200 0000
0000 0000 0000 0000 0000 0000 0000 0000
b500 0000 1200 0000 0000 0000 0000 0000
0000 0000 0000 0000 bc00 0000 1200 0000
0000 0000 0000 0000 0000 0000 0000 0000
d300 0000 1200 0000 0000 0000 0000 0000
0000 0000 0000 0000 dd00 0000 1200 0000
0000 0000 0000 0000 0000 0000 0000 0000
f500 0000 1200 0000 0000 0000 0000 0000
0000 0000 0000 0000 0100 0000 2000 0000
0000 0000 0000 0000 0000 0000 0000 0000
ee00 0000 1200 0000 0000 0000 0000 0000
0000 0000 0000 0000 af00 0000 1200 0000
0000 0000 0000 0000 0000 0000 0000 0000
7500 0000 1200 0000 0000 0000 0000 0000
0000 0000 0000 0000 a900 0000 1200 0000
0000 0000 0000 0000 0000 0000 0000 0000
2c00 0000 2000 0000 0000 0000 0000 0000
0000 0000 0000 0000 4600 0000 2200 0000
0000 0000 0000 0000 0000 0000 0000 0000
d800 0000 1200 0000 0000 0000 0000 0000
0000 0000 0000 0000 e200 0000 1200 0000
0000 0000 0000 0000 0000 0000 0000 0000
5500 0000 1100 0f00 a021 0000 0000 0000
1c00 0000 0000 0000 8600 0000 1200 0c00
0113 0000 0000 0000 6103 0000 0000 0000
0401 0000 1200 0c00 6216 0000 0000 0000
0700 0000 0000 0000 0a01 0000 1200 0c00
6916 0000 0000 0000 3901 0000 0000 0000
7c00 0000 1200 0c00 d612 0000 0000 0000
2b00 0000 0000 0000 6400 0000 1200 0c00
9912 0000 0000 0000 3d00 0000 0000 0000
005f 
5f67 6d6f 6e5f 7374 6172 745f 5f00
5f49 544d 5f64 6572 6567 6973 7465 7254
4d43 6c6f 6e65 5461 626c 6500 5f49 544d
5f72 6567 6973 7465 7254 4d43 6c6f 6e65
5461 626c 6500 5f5f 6378 615f 6669 6e61
6c69 7a65 0073 6572 7669 6365 5f69 6e74
6572 7000 756e 6c69 6e6b 5f63 6200 7265
6d6f 7665 0070 6572 726f 7200 726d 7266
006e 6674 7700 656e 7472 7900 6d6b 6469
7200 5f5f 6572 726e 6f5f 6c6f 6361 7469
6f6e 005f 6578 6974 0063 7265 6174 0066
6f70 656e 0066 7075 7473 0066 636c 6f73
6500 7265 6164 6c69 6e6b 0073 796d 6c69
6e6b 0070 6970 6500 666f 726b 0072 6561
6400 7374 7273 7472 0064 7570 3200 6d65
6d63 7079 0065 7865 6376 6500 6578 6563
7670 6500 6763 6f6e 7600 6763 6f6e 765f
696e 6974 0067 6574 656e 7600 7365 7472
6573 7569 6400 7365 7472 6573 6769 6400
6c69 6263 2e73 6f2e 3600 474c 4942 435f
322e 3134 0047 4c49 4243 5f32 2e31 3100
474c 4942 435f 322e 332e 3300 474c 4942
435f 322e 322e 3500 0000 0200 0300 0200
0200 0100 0200 0200 0200 0200 0200 0200
0200 0200 0400 0200 0200 0200 0200 0200
0200 0100 0500 0200 0200 0200 0100 0200
0200 0200 0100 0100 0100 0100 0100 0100
0100 0400 3001 0000 1000 0000 0000 0000
9491 9606 0000 0500 3a01 0000 1000 0000
9191 9606 0000 0400 4501 0000 1000 0000
7319 6909 0000 0300 5001 0000 1000 0000
751a 6909 0000 0200 5c01 0000 0000 0000
083e 0000 0000 0000 0800 0000 0000 0000
9012 0000 0000 0000 103e 0000 0000 0000
0800 0000 0000 0000 4012 0000 0000 0000
e840 0000 0000 0000 0800 0000 0000 0000
e840 0000 0000 0000 d83f 0000 0000 0000
0600 0000 0500 0000 0000 0000 0000 0000
e03f 0000 0000 0000 0600 0000 1500 0000
0000 0000 0000 0000 e83f 0000 0000 0000
0600 0000 2300 0000 0000 0000 0000 0000
f03f 0000 0000 0000 0600 0000 1a00 0000
0000 0000 0000 0000 f83f 0000 0000 0000
0600 0000 1b00 0000 0000 0000 0000 0000
1840 0000 0000 0000 0700 0000 0100 0000
0000 0000 0000 0000 2040 0000 0000 0000
0700 0000 0200 0000 0000 0000 0000 0000
2840 0000 0000 0000 0700 0000 0300 0000
0000 0000 0000 0000 3040 0000 0000 0000
0700 0000 0400 0000 0000 0000 0000 0000
3840 0000 0000 0000 0700 0000 0600 0000
0000 0000 0000 0000 4040 0000 0000 0000
0700 0000 0700 0000 0000 0000 0000 0000
4840 0000 0000 0000 0700 0000 0800 0000
0000 0000 0000 0000 5040 0000 0000 0000
0700 0000 2200 0000 0000 0000 0000 0000
5840 0000 0000 0000 0700 0000 0900 0000
0000 0000 0000 0000 6040 0000 0000 0000
0700 0000 0a00 0000 0000 0000 0000 0000
6840 0000 0000 0000 0700 0000 0b00 0000
0000 0000 0000 0000 7040 0000 0000 0000
0700 0000 0c00 0000 0000 0000 0000 0000
7840 0000 0000 0000 0700 0000 0d00 0000
0000 0000 0000 0000 8040 0000 0000 0000
0700 0000 0e00 0000 0000 0000 0000 0000
8840 0000 0000 0000 0700 0000 0f00 0000
0000 0000 0000 0000 9040 0000 0000 0000
0700 0000 1000 0000 0000 0000 0000 0000
9840 0000 0000 0000 0700 0000 1100 0000
0000 0000 0000 0000 a040 0000 0000 0000
0700 0000 1200 0000 0000 0000 0000 0000
a840 0000 0000 0000 0700 0000 1300 0000
0000 0000 0000 0000 b040 0000 0000 0000
0700 0000 1400 0000 0000 0000 0000 0000
b840 0000 0000 0000 0700 0000 1600 0000
0000 0000 0000 0000 c040 0000 0000 0000
0700 0000 1700 0000 0000 0000 0000 0000
c840 0000 0000 0000 0700 0000 1800 0000
0000 0000 0000 0000 d040 0000 0000 0000
0700 0000 1900 0000 0000 0000 0000 0000
d840 0000 0000 0000 0700 0000 1c00 0000
0000 0000 0000 0000 e040 0000 0000 0000
0700 0000 1d00 0000 0000 0000 0000 0000
0000 0000 0000 0000 0000 0000 0000 0000
0000 0000 0000 0000 0000 0000 0000 0000
0000 0000 0000 0000 0000 0000 0000 0000
0000 0000 0000 0000 0000 0000 0000 0000
0000 0000 0000 0000 0000 0000 0000 0000
0000 0000 0000 0000 0000 0000 0000 0000
0000 0000 0000 0000 0000 0000 0000 0000
0000 0000 0000 0000 0000 0000 0000 0000
0000 0000 0000 0000 0000 0000 0000 0000
0000 0000 0000 0000 0000 0000 0000 0000
0000 0000 0000 0000 0000 0000 0000 0000
0000 0000 0000 0000 0000 0000 0000 0000
0000 0000 0000 0000 0000 0000 0000 0000
0000 0000 0000 0000 0000 0000 0000 0000
0000 0000 0000 0000 0000 0000 0000 0000
0000 0000 0000 0000 0000 0000 0000 0000
0000 0000 0000 0000 0000 0000 0000 0000
0000 0000 0000 0000 0000 0000 0000 0000
0000 0000 0000 0000 0000 0000 0000 0000
0000 0000 0000 0000 0000 0000 0000 0000
0000 0000 0000 0000 0000 0000 0000 0000
0000 0000 0000 0000 0000 0000 0000 0000
0000 0000 0000 0000 0000 0000 0000 0000
0000 0000 0000 0000 0000 0000 0000 0000
0000 0000 0000 0000 0000 0000 0000 0000
0000 0000 0000 0000 0000 0000 0000 0000
0000 0000 0000 0000 0000 0000 0000 0000
0000 0000 0000 0000 0000 0000 0000 0000
0000 0000 0000 0000 0000 0000 0000 0000
0000 0000 0000 0000 0000 0000 0000 0000
0000 0000 0000 0000 0000 0000 0000 0000
0000 0000 0000 0000 0000 0000 0000 0000
0000 0000 0000 0000 0000 0000 0000 0000
0000 0000 0000 0000 0000 0000 0000 0000
0000 0000 0000 0000 0000 0000 0000 0000
0000 0000 0000 0000 0000 0000 0000 0000
0000 0000 0000 0000 0000 0000 0000 0000
0000 0000 0000 0000 0000 0000 0000 0000
0000 0000 0000 0000 0000 0000 0000 0000
0000 0000 0000 0000 0000 0000 0000 0000
0000 0000 0000 0000 0000 0000 0000 0000
0000 0000 0000 0000 0000 0000 0000 0000
0000 0000 0000 0000 0000 0000 0000 0000
0000 0000 0000 0000 0000 0000 0000 0000
0000 0000 0000 0000 0000 0000 0000 0000
0000 0000 0000 0000 0000 0000 0000 0000
0000 0000 0000 0000 0000 0000 0000 0000
0000 0000 0000 0000 0000 0000 0000 0000
0000 0000 0000 0000 0000 0000 0000 0000
0000 0000 0000 0000 0000 0000 0000 0000
0000 0000 0000 0000 0000 0000 0000 0000
0000 0000 0000 0000 0000 0000 0000 0000
0000 0000 0000 0000 0000 0000 0000 0000
0000 0000 0000 0000 0000 0000 0000 0000
0000 0000 0000 0000 0000 0000 0000 0000
0000 0000 0000 0000 0000 0000 0000 0000
0000 0000 0000 0000 0000 0000 0000 0000
0000 0000 0000 0000 0000 0000 0000 0000
0000 0000 0000 0000 0000 0000 0000 0000
0000 0000 0000 0000 0000 0000 0000 0000
f30f 1efa 
4883 ec08 488b 05d1 2f00 0048
85c0 7402 ffd0 4883 c408 c300 0000 0000
ff35 e22f 0000 ff25 e42f 0000 0f1f 4000
ff25 e22f 0000 6800 0000 00e9 e0ff ffff
ff25 da2f 0000 6801 0000 00e9 d0ff ffff
ff25 d22f 0000 6802 0000 00e9 c0ff ffff
ff25 ca2f 0000 6803 0000 00e9 b0ff ffff
ff25 c22f 0000 6804 0000 00e9 a0ff ffff
ff25 ba2f 0000 6805 0000 00e9 90ff ffff
ff25 b22f 0000 6806 0000 00e9 80ff ffff
ff25 aa2f 0000 6807 0000 00e9 70ff ffff
ff25 a22f 0000 6808 0000 00e9 60ff ffff
ff25 9a2f 0000 6809 0000 00e9 50ff ffff
ff25 922f 0000 680a 0000 00e9 40ff ffff
ff25 8a2f 0000 680b 0000 00e9 30ff ffff
ff25 822f 0000 680c 0000 00e9 20ff ffff
ff25 7a2f 0000 680d 0000 00e9 10ff ffff
ff25 722f 0000 680e 0000 00e9 00ff ffff
ff25 6a2f 0000 680f 0000 00e9 f0fe ffff
ff25 622f 0000 6810 0000 00e9 e0fe ffff
ff25 5a2f 0000 6811 0000 00e9 d0fe ffff
ff25 522f 0000 6812 0000 00e9 c0fe ffff
ff25 4a2f 0000 6813 0000 00e9 b0fe ffff
ff25 422f 0000 6814 0000 00e9 a0fe ffff
ff25 3a2f 0000 6815 0000 00e9 90fe ffff
ff25 322f 0000 6816 0000 00e9 80fe ffff
ff25 2a2f 0000 6817 0000 00e9 70fe ffff
ff25 222f 0000 6818 0000 00e9 60fe ffff
ff25 1a2f 0000 6819 0000 00e9 50fe ffff
488d 3d19 2f00 0048 8d05 122f 0000 4839
f874 1548 8b05 ee2d 0000 4885 c074 09ff
e00f 1f80 0000 0000 c30f 1f80 0000 0000
488d 3de9 2e00 0048 8d35 e22e 0000 4829
fe48 89f0 48c1 ee3f 48c1 f803 4801 c648
d1fe 7414 488b 05c5 2d00 0048 85c0 7408
ffe0 660f 1f44 0000 c30f 1f80 0000 0000
f30f 1efa 803d a52e 0000 0075 3355 4883
3da2 2d00 0000 4889 e574 0d48 8b3d 862e
0000 ff15 902d 0000 e863 ffff ffc6 057c
2e00 0001 5dc3 662e 0f1f 8400 0000 0000
c366 662e 0f1f 8400 0000 0000 0f1f 4000
f30f 1efa e967 ffff ff55 4889 e548 83ec
3048 897d e848 8975 e089 55dc 4889 4dd0
488b 45e8 4889 c7e8 a4fd ffff 8945 fc83
7dfc 0074 0c48 8b45 e848 89c7 e8bf feff
ff8b 45fc c9c3 5548 89e5 4883 ec10 4889
7df8 488b 45f8 b909 0000 00ba 4000 0000
488b 35f1 2c00 0048 89c7 e841 fdff ffc9
c355 4889 e548 81ec 7010 0000 6448 8b04
2528 0000 0048 8945 f831 c048 89e8 8b40
0889 8590 efff ff48 89e8 4883 c010 4889
85a0 efff ffbe ff01 0000 488d 05bf 0c00
0048 89c7 e837 fdff ff89 8594 efff ff83
bd94 efff ffff 7525 e8f3 fcff ff8b 0083
f811 7419 488d 05a2 0c00 0048 89c7 e81d
feff ffbf 0100 0000 e8f3 fcff ffbe ff01
0000 488d 059f 0c00 0048 89c7 e80f feff
ff89 8594 efff ffbe ff01 0000 488d 059a
0c00 0048 89c7 e8d5 fcff ff89 8594 efff
ff48 8d05 8d0c 0000 4889 c648 8d05 860c
0000 4889 c7e8 b6fd ffff 4889 85a8 efff
ff48 83bd a8ef ffff 0075 1948 8d05 7c0c
0000 4889 c7e8 a6fd ffff bf01 0000 00e8
7cfc ffff 488b 85a8 efff ff48 89c6 488d
057b 0c00 0048 89c7 e813 fdff ff85 c079
1948 8d05 890c 0000 4889 c7e8 70fd ffff
bf01 0000 00e8 46fc ffff 488b 85a8 efff
ff48 89c7 e897 fcff ff48 8d85 f0ef ffff
ba00 1000 0048 89c6 488d 0569 0c00 0048
89c7 e859 fcff ffc6 8405 f0ef ffff 0048
8d85 f0ef ffff 488d 155a 0c00 0048 89d6
4889 c7e8 98fc ffff 8985 94ef ffff 83bd
94ef ffff ff75 1948 8d05 4b0c 0000 4889
c7e8 fafc ffff bf01 0000 00e8 d0fb ffff
488d 85b8 efff ff48 89c7 e891 fcff ffe8
fcfc ffff 85c0 0f85 9000 0000 8b85 bcef
ffff 89c7 e867 fcff ff8b 85b8 efff ff48
8d8d f0ef ffff baff 0f00 0048 89ce 89c7
e86b fcff ffc6 8405 f0ef ffff 0048 8d85
f0ef ffff 488d 15f2 0b00 0048 89d6 4889
c7e8 bafc ffff 4889 c248 8d85 f0ef ffff
4839 c275 2d48 8d05 e40b 0000 4889 c7e8
6cfb ffff 488d 05d5 0a00 0048 89c7 e86d
fbff ff48 8d05 030b 0000 4889 c7e8 5efb
ffff bf00 0000 00e8 24fb ffff 8b85 b8ef
ffff 89c7 e8d7 fbff ff8b 85bc efff ffbe
0200 0000 89c7 e885 fbff ff8b 85bc efff
ff89 c7e8 b8fb ffff 48c7 8598 efff ff00
0000 0083 bd90 efff ff01 7e30 488b 85a0
efff ff48 83c0 0848 8b00 4883 e804 ba04
0000 0048 8d0d 850b 0000 4889 ce48 89c7
e8bb fbff ff48 8985 98ef ffff 48c7 85b0
efff ff00 0000 0048 8d05 6f0a 0000 4889
85c0 efff ff48 8d05 580b 0000 4889 85c8
efff ff48 8d05 5c0b 0000 4889 85d0 efff
ff48 8d05 5d0b 0000 4889 85d8 efff ff48
8b85 98ef ffff 4889 85e0 efff ff48 c785
e8ef ffff 0000 0000 488d 95c0 efff ff48
8d85 b0ef ffff 4889 c648 8d05 320b 0000
4889 c7e8 28fb ffff 488d 95c0 efff ff48
8d85 b0ef ffff 4889 c648 8d05 220b 0000
4889 c7e8 a8fa ffff bf00 0000 00e8 0efa
ffff 5548 89e5 905d c355 4889 e548 83ec
5064 488b 0425 2800 0000 4889 45f8 31c0
bf02 0000 00e8 a6fa ffff be02 0000 00bf
0100 0000 e857 faff ff48 8d05 d90a 0000
4889 c7e8 88f9 ffff 4889 45b8 ba00 0000
00be 0000 0000 bf00 0000 00e8 00fa ffff
ba00 0000 00be 0000 0000 bf00 0000 00e8
0cfa ffff 488d 0525 0900 0048 89c7 e8bd
f9ff ff48 8d05 5309 0000 4889 c7e8 aef9
ffff 4883 7db8 0074 4348 8d05 7d0a 0000
4889 45d0 488d 057a 0a00 0048 8945 d848
8b45 b848 8945 e048 c745 e800 0000 0048
8d45 d0ba 0000 0000 4889 c648 8d05 4b0a
0000 4889 c7e8 26fa ffff eb5c 488d 0545
0a00 0048 8945 c048 c745 c800 0000 0048
8d45 c0ba 0000 0000 4889 c648 8d05 290a
0000 4889 c7e8 f6f9 ffff 488d 050c 0a00
0048 8945 d048 c745 d800 0000 0048 8d45
d0ba 0000 0000 4889 c648 8d05 ed09 0000
4889 c7e8 c8f9 ffff bf00 0000 00e8 cef8
ffff 0000 f30f 1efa 4883 ec08 4883 c408
c300 0000 0000 0000 0000 0000 0000 0000
0000 0000 0000 0000 0000 0000 0000 0000
0000 0000 0000 0000 0000 0000 0000 0000
0000 0000 0000 0000 0000 0000 0000 0000
0000 0000 0000 0000 0000 0000 0000 0000
0000 0000 0000 0000 0000 0000 0000 0000
0000 0000 0000 0000 0000 0000 0000 0000
0000 0000 0000 0000 0000 0000 0000 0000
0000 0000 0000 0000 0000 0000 0000 0000
0000 0000 0000 0000 0000 0000 0000 0000
0000 0000 0000 0000 0000 0000 0000 0000
0000 0000 0000 0000 0000 0000 0000 0000
0000 0000 0000 0000 0000 0000 0000 0000
0000 0000 0000 0000 0000 0000 0000 0000
0000 0000 0000 0000 0000 0000 0000 0000
0000 0000 0000 0000 0000 0000 0000 0000
0000 0000 0000 0000 0000 0000 0000 0000
0000 0000 0000 0000 0000 0000 0000 0000
0000 0000 0000 0000 0000 0000 0000 0000
0000 0000 0000 0000 0000 0000 0000 0000
0000 0000 0000 0000 0000 0000 0000 0000
0000 0000 0000 0000 0000 0000 0000 0000
0000 0000 0000 0000 0000 0000 0000 0000
0000 0000 0000 0000 0000 0000 0000 0000
0000 0000 0000 0000 0000 0000 0000 0000
0000 0000 0000 0000 0000 0000 0000 0000
0000 0000 0000 0000 0000 0000 0000 0000
0000 0000 0000 0000 0000 0000 0000 0000
0000 0000 0000 0000 0000 0000 0000 0000
0000 0000 0000 0000 0000 0000 0000 0000
0000 0000 0000 0000 0000 0000 0000 0000
0000 0000 0000 0000 0000 0000 0000 0000
0000 0000 0000 0000 0000 0000 0000 0000
0000 0000 0000 0000 0000 0000 0000 0000
0000 0000 0000 0000 0000 0000 0000 0000
0000 0000 0000 0000 0000 0000 0000 0000
0000 0000 0000 0000 0000 0000 0000 0000
0000 0000 0000 0000 0000 0000 0000 0000
0000 0000 0000 0000 0000 0000 0000 0000
0000 0000 0000 0000 0000 0000 0000 0000
0000 0000 0000 0000 0000 0000 0000 0000
0000 0000 0000 0000 0000 0000 0000 0000
0000 0000 0000 0000 0000 0000 0000 0000
0000 0000 0000 0000 0000 0000 0000 0000
0000 0000 0000 0000 0000 0000 0000 0000
0000 0000 0000 0000 0000 0000 0000 0000
0000 0000 0000 0000 0000 0000 0000 0000
0000 0000 0000 0000 0000 0000 0000 0000
0000 0000 0000 0000 0000 0000 0000 0000
0000 0000 0000 0000 0000 0000 0000 0000
0000 0000 0000 0000 0000 0000 0000 0000
0000 0000 0000 0000 0000 0000 0000 0000
0000 0000 0000 0000 0000 0000 0000 0000
0000 0000 0000 0000 0000 0000 0000 0000
0000 0000 0000 0000 0000 0000 0000 0000
0000 0000 0000 0000 0000 0000 0000 0000
0000 0000 0000 0000 0000 0000 0000 0000
0000 0000 0000 0000 0000 0000 0000 0000
0000 0000 0000 0000 0000 0000 0000 0000
0000 0000 0000 0000 0000 0000 0000 0000
0000 0000 0000 0000 0000 0000 0000 0000
0000 0000 0000 0000 0000 0000 0000 0000
0000 0000 0000 0000 0000 0000 0000 0000
0000 0000 0000 0000 0000 0000 0000 0000
0000 0000 0000 0000 0000 0000 0000 0000
0000 0000 0000 0000 0000 0000 0000 0000
0000 0000 0000 0000 0000 0000 0000 0000
0000 0000 0000 0000 0000 0000 0000 0000
0000 0000 0000 0000 0000 0000 0000 0000
0000 0000 0000 0000 0000 0000 0000 0000
0000 0000 0000 0000 0000 0000 0000 0000
0000 0000 0000 0000 0000 0000 0000 0000
0000 0000 0000 0000 0000 0000 0000 0000
0000 0000 0000 0000 0000 0000 0000 0000
0000 0000 0000 0000 0000 0000 0000 0000
0000 0000 0000 0000 0000 0000 0000 0000
0000 0000 0000 0000 0000 0000 0000 0000
0000 0000 0000 0000 0000 0000 0000 0000
0000 0000 0000 0000 0000 0000 0000 0000
0000 0000 0000 0000 0000 0000 0000 0000
0000 0000 0000 0000 0000 0000 0000 0000
0000 0000 0000 0000 0000 0000 0000 0000
0000 0000 0000 0000 0000 0000 0000 0000
0000 0000 0000 0000 0000 0000 0000 0000
0000 0000 0000 0000 0000 0000 0000 0000
0000 0000 0000 0000 0000 0000 0000 0000
0000 0000 0000 0000 0000 0000 0000 0000
0000 0000 0000 0000 0000 0000 0000 0000
0000 0000 0000 0000 0000 0000 0000 0000
0000 0000 0000 0000 0000 0000 0000 0000
0000 0000 0000 0000 0000 0000 0000 0000
0000 0000 0000 0000 0000 0000 0000 0000
0000 0000 0000 0000 0000 0000 0000 0000
0000 0000 0000 0000 0000 0000 0000 0000
0000 0000 0000 0000 0000 0000 0000 0000
0000 0000 0000 0000 0000 0000 0000 0000
0000 0000 0000 0000 0000 0000 0000 0000
0000 0000 0000 0000 0000 0000 0000 0000
0000 0000 0000 0000 0000 0000 0000 0000
0000 0000 0000 0000 0000 0000 0000 0000
0000 0000 0000 0000 0000 0000 0000 0000
0000 0000 0000 0000 0000 0000 0000 0000
0000 0000 0000 0000 0000 0000 0000 0000
0000 0000 0000 0000 0000 0000 0000 0000
0000 0000 0000 0000 0000 0000 0000 0000
0000 0000 0000 0000 0000 0000 0000 0000
0000 0000 0000 0000 0000 0000 0000 0000
0000 0000 0000 0000 0000 0000 0000 0000
0000 0000 0000 0000 0000 0000 0000 0000
0000 0000 0000 0000 0000 0000 0000 0000
0000 0000 0000 0000 0000 0000 0000 0000
0000 0000 0000 0000 0000 0000 0000 0000
0000 0000 0000 0000 0000 0000 0000 0000
0000 0000 0000 0000 0000 0000 0000 0000
0000 0000 0000 0000 0000 0000 0000 0000
0000 0000 0000 0000 0000 0000 0000 0000
0000 0000 0000 0000 0000 0000 0000 0000
0000 0000 0000 0000 0000 0000 0000 0000
0000 0000 0000 0000 0000 0000 0000 0000
0000 0000 0000 0000 0000 0000 0000 0000
0000 0000 0000 0000 0000 0000 0000 0000
0000 0000 0000 0000 0000 0000 0000 0000
0000 0000 0000 0000 0000 0000 0000 0000
0000 0000 0000 0000 0000 0000 0000 0000
0000 0000 0000 0000 0000 0000 0000 0000
0000 0000 0000 0000 0000 0000 0000 0000
0000 0000 0000 0000 0000 0000 0000 0000
0000 0000 0000 0000 0000 0000 0000 0000
0000 0000 0000 0000 0000 0000 0000 0000
0000 0000 0000 0000 0000 0000 0000 0000
0000 0000 0000 0000 0000 0000 0000 0000
0000 0000 0000 0000 0000 0000 0000 0000
0000 0000 0000 0000 0000 0000 0000 0000
4743 4f4e 565f 5041 5448 3d2e 0046 6169
6c65 6420 746f 2063 7265 6174 6520 6469
7265 6374 6f72 7900 4743 4f4e 565f 5041
5448 3d2e 2f2e 706b 6578 6563 002e 706b
6578 6563 0077 2b00 2e70 6b65 7865 632f
6763 6f6e 762d 6d6f 6475 6c65 7300 4661
696c 6564 2074 6f20 6f70 656e 206f 7574
7075 7420 6669 6c65 0000 0000 0000 0000
6d6f 6475 6c65 2055 5446 2d38 2f2f 2050
4b45 5845 432f 2f20 706b 6578 6563 2032
0046 6169 6c65 6420 746f 2077 7269 7465
2063 6f6e 6669 6700 2f70 726f 632f 7365
6c66 2f65 7865 002e 706b 6578 6563 2f70
6b65 7865 632e 736f 0046 6169 6c65 6420
746f 2063 6f70 7920 6669 6c65 0070 6b65
7865 6320 2d2d 7665 7273 696f 6e00 0000
4578 706c 6f69 7420 6661 696c 6564 2e20
5461 7267 6574 2069 7320 6d6f 7374 206c
696b 656c 7920 7061 7463 6865 642e 0043
4d44 3d00 5041 5448 3d47 434f 4e56 5f50
4154 483d 2e00 4348 4152 5345 543d 706b
6578 6563 0053 4845 4c4c 3d70 6b65 7865
6300 2f75 7372 2f62 696e 2f70 6b65 7865
6300 706b 6578 6563 0043 4d44 002f 6269
6e2f 7368 002d 6300 2d69 002f 6269 6e2f
6261 7368 0000 0000 0000 0000 0000 0000
2f6c 6962 3634 2f6c 642d 6c69 6e75 782d
7838 362d 3634 2e73 6f2e 3200 011b 033b
3800 0000 0600 0000 64ee ffff 5400 0000
ddf0 ffff 7c00 0000 1af1 ffff 9c00 0000
45f1 ffff bc00 0000 a6f4 ffff d800 0000
adf4 ffff f800 0000 1400 0000 0000 0000
017a 5200 0178 1001 1b0c 0708 9001 0000
2400 0000 1c00 0000 08ee ffff b001 0000
000e 1046 0e18 4a0f 0b77 0880 003f 1a3b
2a33 2422 0000 0000 1c00 0000 4400 0000
59f0 ffff 3d00 0000 0041 0e10 8602 430d
0678 0c07 0800 0000 1c00 0000 6400 0000
76f0 ffff 2b00 0000 0041 0e10 8602 430d
0666 0c07 0800 0000 1800 0000 8400 0000
81f0 ffff 6103 0000 0041 0e10 8602 430d
0600 0000 1c00 0000 a000 0000 c6f3 ffff
0700 0000 0041 0e10 8602 430d 0642 0c07
0800 0000 1800 0000 c000 0000 adf3 ffff
3901 0000 0041 0e10 8602 430d 0600 0000
0000 0000 0000 0000 0000 0000 0000 0000
0000 0000 0000 0000 0000 0000 0000 0000
0000 0000 0000 0000 0000 0000 0000 0000
0000 0000 0000 0000 0000 0000 0000 0000
0000 0000 0000 0000 0000 0000 0000 0000
0000 0000 0000 0000 0000 0000 0000 0000
0000 0000 0000 0000 0000 0000 0000 0000
0000 0000 0000 0000 0000 0000 0000 0000
0000 0000 0000 0000 0000 0000 0000 0000
0000 0000 0000 0000 0000 0000 0000 0000
0000 0000 0000 0000 0000 0000 0000 0000
0000 0000 0000 0000 0000 0000 0000 0000
0000 0000 0000 0000 0000 0000 0000 0000
0000 0000 0000 0000 0000 0000 0000 0000
0000 0000 0000 0000 0000 0000 0000 0000
0000 0000 0000 0000 0000 0000 0000 0000
0000 0000 0000 0000 0000 0000 0000 0000
0000 0000 0000 0000 0000 0000 0000 0000
0000 0000 0000 0000 0000 0000 0000 0000
0000 0000 0000 0000 0000 0000 0000 0000
0000 0000 0000 0000 0000 0000 0000 0000
0000 0000 0000 0000 0000 0000 0000 0000
0000 0000 0000 0000 0000 0000 0000 0000
0000 0000 0000 0000 0000 0000 0000 0000
0000 0000 0000 0000 0000 0000 0000 0000
0000 0000 0000 0000 0000 0000 0000 0000
0000 0000 0000 0000 0000 0000 0000 0000
0000 0000 0000 0000 0000 0000 0000 0000
0000 0000 0000 0000 0000 0000 0000 0000
0000 0000 0000 0000 0000 0000 0000 0000
0000 0000 0000 0000 0000 0000 0000 0000
0000 0000 0000 0000 0000 0000 0000 0000
0000 0000 0000 0000 0000 0000 0000 0000
0000 0000 0000 0000 0000 0000 0000 0000
0000 0000 0000 0000 0000 0000 0000 0000
0000 0000 0000 0000 0000 0000 0000 0000
0000 0000 0000 0000 0000 0000 0000 0000
0000 0000 0000 0000 0000 0000 0000 0000
0000 0000 0000 0000 0000 0000 0000 0000
0000 0000 0000 0000 0000 0000 0000 0000
0000 0000 0000 0000 0000 0000 0000 0000
0000 0000 0000 0000 0000 0000 0000 0000
0000 0000 0000 0000 0000 0000 0000 0000
0000 0000 0000 0000 0000 0000 0000 0000
0000 0000 0000 0000 0000 0000 0000 0000
0000 0000 0000 0000 0000 0000 0000 0000
0000 0000 0000 0000 0000 0000 0000 0000
0000 0000 0000 0000 0000 0000 0000 0000
0000 0000 0000 0000 0000 0000 0000 0000
0000 0000 0000 0000 0000 0000 0000 0000
0000 0000 0000 0000 0000 0000 0000 0000
0000 0000 0000 0000 0000 0000 0000 0000
0000 0000 0000 0000 0000 0000 0000 0000
0000 0000 0000 0000 0000 0000 0000 0000
0000 0000 0000 0000 0000 0000 0000 0000
0000 0000 0000 0000 0000 0000 0000 0000
0000 0000 0000 0000 0000 0000 0000 0000
0000 0000 0000 0000 0000 0000 0000 0000
0000 0000 0000 0000 0000 0000 0000 0000
0000 0000 0000 0000 0000 0000 0000 0000
0000 0000 0000 0000 0000 0000 0000 0000
0000 0000 0000 0000 0000 0000 0000 0000
0000 0000 0000 0000 0000 0000 0000 0000
0000 0000 0000 0000 0000 0000 0000 0000
0000 0000 0000 0000 0000 0000 0000 0000
0000 0000 0000 0000 0000 0000 0000 0000
0000 0000 0000 0000 0000 0000 0000 0000
0000 0000 0000 0000 0000 0000 0000 0000
0000 0000 0000 0000 0000 0000 0000 0000
0000 0000 0000 0000 0000 0000 0000 0000
0000 0000 0000 0000 0000 0000 0000 0000
0000 0000 0000 0000 0000 0000 0000 0000
0000 0000 0000 0000 0000 0000 0000 0000
0000 0000 0000 0000 0000 0000 0000 0000
0000 0000 0000 0000 0000 0000 0000 0000
0000 0000 0000 0000 0000 0000 0000 0000
0000 0000 0000 0000 0000 0000 0000 0000
0000 0000 0000 0000 0000 0000 0000 0000
0000 0000 0000 0000 0000 0000 0000 0000
0000 0000 0000 0000 0000 0000 0000 0000
0000 0000 0000 0000 0000 0000 0000 0000
0000 0000 0000 0000 0000 0000 0000 0000
0000 0000 0000 0000 0000 0000 0000 0000
0000 0000 0000 0000 0000 0000 0000 0000
0000 0000 0000 0000 0000 0000 0000 0000
0000 0000 0000 0000 0000 0000 0000 0000
0000 0000 0000 0000 0000 0000 0000 0000
0000 0000 0000 0000 0000 0000 0000 0000
0000 0000 0000 0000 0000 0000 0000 0000
0000 0000 0000 0000 0000 0000 0000 0000
0000 0000 0000 0000 0000 0000 0000 0000
0000 0000 0000 0000 0000 0000 0000 0000
0000 0000 0000 0000 0000 0000 0000 0000
0000 0000 0000 0000 0000 0000 0000 0000
0000 0000 0000 0000 0000 0000 0000 0000
0000 0000 0000 0000 0000 0000 0000 0000
0000 0000 0000 0000 0000 0000 0000 0000
0000 0000 0000 0000 0000 0000 0000 0000
0000 0000 0000 0000 0000 0000 0000 0000
0000 0000 0000 0000 0000 0000 0000 0000
0000 0000 0000 0000 0000 0000 0000 0000
0000 0000 0000 0000 0000 0000 0000 0000
0000 0000 0000 0000 0000 0000 0000 0000
0000 0000 0000 0000 0000 0000 0000 0000
0000 0000 0000 0000 0000 0000 0000 0000
0000 0000 0000 0000 0000 0000 0000 0000
0000 0000 0000 0000 0000 0000 0000 0000
0000 0000 0000 0000 0000 0000 0000 0000
0000 0000 0000 0000 0000 0000 0000 0000
0000 0000 0000 0000 0000 0000 0000 0000
0000 0000 0000 0000 0000 0000 0000 0000
0000 0000 0000 0000 0000 0000 0000 0000
0000 0000 0000 0000 0000 0000 0000 0000
0000 0000 0000 0000 0000 0000 0000 0000
0000 0000 0000 0000 0000 0000 0000 0000
0000 0000 0000 0000 0000 0000 0000 0000
0000 0000 0000 0000 0000 0000 0000 0000
0000 0000 0000 0000 0000 0000 0000 0000
0000 0000 0000 0000 0000 0000 0000 0000
0000 0000 0000 0000 0000 0000 0000 0000
0000 0000 0000 0000 0000 0000 0000 0000
0000 0000 0000 0000 0000 0000 0000 0000
0000 0000 0000 0000 0000 0000 0000 0000
0000 0000 0000 0000 0000 0000 0000 0000
0000 0000 0000 0000 0000 0000 0000 0000
0000 0000 0000 0000 0000 0000 0000 0000
0000 0000 0000 0000 0000 0000 0000 0000
0000 0000 0000 0000 0000 0000 0000 0000
0000 0000 0000 0000 0000 0000 0000 0000
0000 0000 0000 0000 0000 0000 0000 0000
0000 0000 0000 0000 0000 0000 0000 0000
0000 0000 0000 0000 0000 0000 0000 0000
0000 0000 0000 0000 0000 0000 0000 0000
0000 0000 0000 0000 0000 0000 0000 0000
0000 0000 0000 0000 0000 0000 0000 0000
0000 0000 0000 0000 0000 0000 0000 0000
0000 0000 0000 0000 0000 0000 0000 0000
0000 0000 0000 0000 0000 0000 0000 0000
0000 0000 0000 0000 0000 0000 0000 0000
0000 0000 0000 0000 0000 0000 0000 0000
0000 0000 0000 0000 0000 0000 0000 0000
0000 0000 0000 0000 0000 0000 0000 0000
0000 0000 0000 0000 0000 0000 0000 0000
0000 0000 0000 0000 0000 0000 0000 0000
0000 0000 0000 0000 0000 0000 0000 0000
0000 0000 0000 0000 0000 0000 0000 0000
0000 0000 0000 0000 0000 0000 0000 0000
0000 0000 0000 0000 0000 0000 0000 0000
0000 0000 0000 0000 0000 0000 0000 0000
0000 0000 0000 0000 0000 0000 0000 0000
0000 0000 0000 0000 0000 0000 0000 0000
0000 0000 0000 0000 0000 0000 0000 0000
0000 0000 0000 0000 0000 0000 0000 0000
0000 0000 0000 0000 0000 0000 0000 0000
0000 0000 0000 0000 0000 0000 0000 0000
0000 0000 0000 0000 0000 0000 0000 0000
0000 0000 0000 0000 0000 0000 0000 0000
0000 0000 0000 0000 0000 0000 0000 0000
0000 0000 0000 0000 0000 0000 0000 0000
0000 0000 0000 0000 0000 0000 0000 0000
0000 0000 0000 0000 0000 0000 0000 0000
0000 0000 0000 0000 0000 0000 0000 0000
0000 0000 0000 0000 0000 0000 0000 0000
0000 0000 0000 0000 0000 0000 0000 0000
0000 0000 0000 0000 0000 0000 0000 0000
0000 0000 0000 0000 0000 0000 0000 0000
0000 0000 0000 0000 0000 0000 0000 0000
0000 0000 0000 0000 0000 0000 0000 0000
0000 0000 0000 0000 0000 0000 0000 0000
0000 0000 0000 0000 0000 0000 0000 0000
0000 0000 0000 0000 0000 0000 0000 0000
0000 0000 0000 0000 0000 0000 0000 0000
0000 0000 0000 0000 0000 0000 0000 0000
0000 0000 0000 0000 0000 0000 0000 0000
0000 0000 0000 0000 0000 0000 0000 0000
0000 0000 0000 0000 0000 0000 0000 0000
0000 0000 0000 0000 0000 0000 0000 0000
0000 0000 0000 0000 0000 0000 0000 0000
0000 0000 0000 0000 0000 0000 0000 0000
0000 0000 0000 0000 9012 0000 0000 0000
4012 0000 0000 0000 0100 0000 0000 0000
3001 0000 0000 0000 0c00 0000 0000 0000
0010 0000 0000 0000 0d00 0000 0000 0000
a417 0000 0000 0000 1900 0000 0000 0000
083e 0000 0000 0000 1b00 0000 0000 0000
0800 0000 0000 0000 1a00 0000 0000 0000
103e 0000 0000 0000 1c00 0000 0000 0000
0800 0000 0000 0000 f5fe ff6f 0000 0000
7003 0000 0000 0000 0500 0000 0000 0000
1007 0000 0000 0000 0600 0000 0000 0000
b003 0000 0000 0000 0a00 0000 0000 0000
6801 0000 0000 0000 0b00 0000 0000 0000
1800 0000 0000 0000 0300 0000 0000 0000
0040 0000 0000 0000 0200 0000 0000 0000
7002 0000 0000 0000 1400 0000 0000 0000
0700 0000 0000 0000 1700 0000 0000 0000
d009 0000 0000 0000 0700 0000 0000 0000
1009 0000 0000 0000 0800 0000 0000 0000
c000 0000 0000 0000 0900 0000 0000 0000
1800 0000 0000 0000 feff ff6f 0000 0000
c008 0000 0000 0000 ffff ff6f 0000 0000
0100 0000 0000 0000 f0ff ff6f 0000 0000
7808 0000 0000 0000 f9ff ff6f 0000 0000
0300 0000 0000 0000 0000 0000 0000 0000
0000 0000 0000 0000 0000 0000 0000 0000
0000 0000 0000 0000 0000 0000 0000 0000
0000 0000 0000 0000 0000 0000 0000 0000
0000 0000 0000 0000 0000 0000 0000 0000
0000 0000 0000 0000 0000 0000 0000 0000
0000 0000 0000 0000 0000 0000 0000 0000
0000 0000 0000 0000 0000 0000 0000 0000
183e 0000 0000 0000 0000 0000 0000 0000
0000 0000 0000 0000 3610 0000 0000 0000
4610 0000 0000 0000 5610 0000 0000 0000
6610 0000 0000 0000 7610 0000 0000 0000
8610 0000 0000 0000 9610 0000 0000 0000
a610 0000 0000 0000 b610 0000 0000 0000
c610 0000 0000 0000 d610 0000 0000 0000
e610 0000 0000 0000 f610 0000 0000 0000
0611 0000 0000 0000 1611 0000 0000 0000
2611 0000 0000 0000 3611 0000 0000 0000
4611 0000 0000 0000 5611 0000 0000 0000
6611 0000 0000 0000 7611 0000 0000 0000
8611 0000 0000 0000 9611 0000 0000 0000
a611 0000 0000 0000 b611 0000 0000 0000
c611 0000 0000 0000 e840 0000 0000 0000
4743 433a 2028 474e 5529 2031 322e 312e
3000 0000 0000 0000 0000 0000 0000 0000
3c00 0000 0200 0000 0000 0800 0000 0000
0010 0000 0000 0000 1600 0000 0000 0000
a417 0000 0000 0000 0800 0000 0000 0000
0000 0000 0000 0000 0000 0000 0000 0000
3c00 0000 0200 2300 0000 0800 0000 0000
1610 0000 0000 0000 0500 0000 0000 0000
ac17 0000 0000 0000 0500 0000 0000 0000
0000 0000 0000 0000 0000 0000 0000 0000
1f00 0000 0500 0108 0000 0000 0100 0000
000c 0000 0000 0000 0019 0000 0034 0000
0001 801f 0000 0005 0001 0812 0000 0001
6700 0000 2d00 0000 4000 0000 1900 0000
3400 0000 0180 
0111 0010 1755 1703 0e1b
0e25 0e13 0500 0000 0111 0010 1755 1703
0e1b 0e25 0e13 0500 0000 6300 0000 0500
0800 2e00 0000 0101 01fb 0e0d 0001 0101
0100 0000 0100 0001 0101 1f02 0000 0000
1b00 0000 0201 1f02 0f02 2d00 0000 012d
0000 0001 0009 0200 1000 0000 0000 0003
3f01 4c4c 753d 2f02 0200 0101 0009 02a4
1700 0000 0000 0003 d200 014b 0204 0001
015e 0000 0005 0008 002e 0000 0001 0101
fb0e 0d00 0101 0101 0000 0001 0000 0101
011f 0200 0000 001b 0000 0002 011f 020f
0234 0000 0001 3400 0000 0100 0902 1610
0000 0000 0000 0327 014b 0201 0001 0100
0902 ac17 0000 0000 0000 032b 014b 0201
0001 012e 2e2f 7379 7364 6570 732f 7838
365f 3634 2f63 7274 692e 5300 2f62 7569
6c64 2f67 6c69 6263 2f73 7263 2f67 6c69
6263 2f63 7375 0047 4e55 2041 5320 322e
3338 002e 2e2f 7379 7364 6570 732f 7838
365f 3634 2f63 7274 6e2e 5300 2f62 7569
6c64 2f67 6c69 6263 2f73 7263 2f67 6c69
6263 2f63 7375 002e 2e2f 7379 7364 6570
732f 7838 365f 3634 0063 7274 692e 5300
6372 746e 2e53 001d 0000 0005 0008 0000
0000 0007 0010 0000 0000 0000 1607 a417
0000 0000 0000 0800 1d00 0000 0500 0800
0000 0000 0716 1000 0000 0000 0005 07ac
1700 0000 0000 0005 0000 0000 0000 0000
0000 0000 0000 0000 0000 0000 0000 0000
0000 0000 0000 0000 0100 0000 0400 f1ff
0000 0000 0000 0000 0000 0000 0000 0000
0c00 0000 0200 0c00 d011 0000 0000 0000
0000 0000 0000 0000 0e00 0000 0200 0c00
0012 0000 0000 0000 0000 0000 0000 0000
2100 0000 0200 0c00 4012 0000 0000 0000
0000 0000 0000 0000 3700 0000 0100 1800
f040 0000 0000 0000 0100 0000 0000 0000
4300 0000 0100 1300 103e 0000 0000 0000
0000 0000 0000 0000 6a00 0000 0200 0c00
9012 0000 0000 0000 0000 0000 0000 0000
7600 0000 0100 1200 083e 0000 0000 0000
0000 0000 0000 0000 9500 0000 0400 f1ff
0000 0000 0000 0000 0000 0000 0000 0000
0100 0000 0400 f1ff 0000 0000 0000 0000
0000 0000 0000 0000 9e00 0000 0100 1100
d022 0000 0000 0000 0000 0000 0000 0000
0000 0000 0400 f1ff 0000 0000 0000 0000
0000 0000 0000 0000 ac00 0000 0200 0d00
a417 0000 0000 0000 0000 0000 0000 0000
b200 0000 0100 1700 e840 0000 0000 0000
0000 0000 0000 0000 bf00 0000 0100 1400
183e 0000 0000 0000 0000 0000 0000 0000
c800 0000 0000 1000 bc21 0000 0000 0000
0000 0000 0000 0000 db00 0000 0100 1700
f040 0000 0000 0000 0000 0000 0000 0000
e700 0000 0100 1600 0040 0000 0000 0000
0000 0000 0000 0000 3e03 0000 0200 0a00
0010 0000 0000 0000 0000 0000 0000 0000
fd00 0000 1200 0000 0000 0000 0000 0000
0000 0000 0000 0000 1001 0000 1200 0000
0000 0000 0000 0000 0000 0000 0000 0000
2101 0000 1200 0000 0000 0000 0000 0000
0000 0000 0000 0000 3e01 0000 1200 0000
0000 0000 0000 0000 0000 0000 0000 0000
5101 0000 2000 0000 0000 0000 0000 0000
0000 0000 0000 0000 6d01 0000 1200 0000
0000 0000 0000 0000 0000 0000 0000 0000
7f01 0000 1200 0000 0000 0000 0000 0000
0000 0000 0000 0000 3202 0000 1200 0000
0000 0000 0000 0000 0000 0000 0000 0000
9101 0000 1200 0c00 d612 0000 0000 0000
2b00 0000 0000 0000 9601 0000 1200 0000
0000 0000 0000 0000 0000 0000 0000 0000
ab01 0000 1200 0000 0000 0000 0000 0000
0000 0000 0000 0000 c101 0000 1200 0000
0000 0000 0000 0000 0000 0000 0000 0000
d401 0000 1100 0f00 a021 0000 0000 0000
1c00 0000 0000 0000 e301 0000 1200 0000
0000 0000 0000 0000 0000 0000 0000 0000
f901 0000 1200 0000 0000 0000 0000 0000
0000 0000 0000 0000 0a02 0000 1200 0000
0000 0000 0000 0000 0000 0000 0000 0000
1d02 0000 1200 0000 0000 0000 0000 0000
0000 0000 0000 0000 3102 0000 1200 0000
0000 0000 0000 0000 0000 0000 0000 0000
c201 0000 1200 0000 0000 0000 0000 0000
0000 0000 0000 0000 4302 0000 1200 0000
0000 0000 0000 0000 0000 0000 0000 0000
5402 0000 1200 0000 0000 0000 0000 0000
0000 0000 0000 0000 6502 0000 1200 0000
0000 0000 0000 0000 0000 0000 0000 0000
6400 0000 1200 0c00 0113 0000 0000 0000
6103 0000 0000 0000 7802 0000 2000 0000
0000 0000 0000 0000 0000 0000 0000 0000
8702 0000 1200 0000 0000 0000 0000 0000
0000 0000 0000 0000 9902 0000 1200 0c00
6216 0000 0000 0000 0700 0000 0000 0000
9f02 0000 1200 0c00 9912 0000 0000 0000
3d00 0000 0000 0000 a902 0000 1200 0000
0000 0000 0000 0000 0000 0000 0000 0000
bb02 0000 1200 0000 0000 0000 0000 0000
0000 0000 0000 0000 ce02 0000 1200 0000
0000 0000 0000 0000 0000 0000 0000 0000
e002 0000 2000 0000 0000 0000 0000 0000
0000 0000 0000 0000 fa02 0000 2200 0000
0000 0000 0000 0000 0000 0000 0000 0000
1503 0000 1200 0000 0000 0000 0000 0000
0000 0000 0000 0000 2603 0000 1200 0000
0000 0000 0000 0000 0000 0000 0000 0000
3903 0000 1200 0c00 6916 0000 0000 0000
3901 0000 0000 0000 0063 
7274 7374 7566
662e 6300 6465 7265 6769 7374 6572 5f74
6d5f 636c 6f6e 6573 005f 5f64 6f5f 676c
6f62 616c 5f64 746f 7273 5f61 7578 0063
6f6d 706c 6574 6564 2e30 005f 5f64 6f5f
676c 6f62 616c 5f64 746f 7273 5f61 7578
5f66 696e 695f 6172 7261 795f 656e 7472
7900 6672 616d 655f 6475 6d6d 7900 5f5f
6672 616d 655f 6475 6d6d 795f 696e 6974
5f61 7272 6179 5f65 6e74 7279 0050 776e
4b69 742e 6300 5f5f 4652 414d 455f 454e
445f 5f00 5f66 696e 6900 5f5f 6473 6f5f
6861 6e64 6c65 005f 4459 4e41 4d49 4300
5f5f 474e 555f 4548 5f46 5241 4d45 5f48
4452 005f 5f54 4d43 5f45 4e44 5f5f 005f
474c 4f42 414c 5f4f 4646 5345 545f 5441
424c 455f 0067 6574 656e 7640 474c 4942
435f 322e 322e 3500 6e66 7477 4047 4c49
4243 5f32 2e33 2e33 005f 5f65 7272 6e6f
5f6c 6f63 6174 696f 6e40 474c 4942 435f
322e 322e 3500 7265 6d6f 7665 4047 4c49
4243 5f32 2e32 2e35 005f 4954 4d5f 6465
7265 6769 7374 6572 544d 436c 6f6e 6554
6162 6c65 005f 6578 6974 4047 4c49 4243
5f32 2e32 2e35 006d 6b64 6972 4047 4c49
4243 5f32 2e32 2e35 0072 6d72 6600 7265
6164 6c69 6e6b 4047 4c49 4243 5f32 2e32
2e35 0073 6574 7265 7375 6964 4047 4c49
4243 5f32 2e32 2e35 0066 636c 6f73 6540
474c 4942 435f 322e 322e 3500 7365 7276
6963 655f 696e 7465 7270 0073 6574 7265
7367 6964 4047 4c49 4243 5f32 2e32 2e35
0064 7570 3240 474c 4942 435f 322e 322e
3500 6578 6563 7670 6540 474c 4942 435f
322e 3131 0073 796d 6c69 6e6b 4047 4c49
4243 5f32 2e32 2e35 0066 7075 7473 4047
4c49 4243 5f32 2e32 2e35 0070 6970 6540
474c 4942 435f 322e 322e 3500 7265 6164
4047 4c49 4243 5f32 2e32 2e35 0065 7865
6376 6540 474c 4942 435f 322e 322e 3500
5f5f 676d 6f6e 5f73 7461 7274 5f5f 006d
656d 6370 7940 474c 4942 435f 322e 3134
0067 636f 6e76 0075 6e6c 696e 6b5f 6362
0066 6f70 656e 4047 4c49 4243 5f32 2e32
2e35 0070 6572 726f 7240 474c 4942 435f
322e 322e 3500 6372 6561 7440 474c 4942
435f 322e 322e 3500 5f49 544d 5f72 6567
6973 7465 7254 4d43 6c6f 6e65 5461 626c
6500 5f5f 6378 615f 6669 6e61 6c69 7a65
4047 4c49 4243 5f32 2e32 2e35 0066 6f72
6b40 474c 4942 435f 322e 322e 3500 7374
7273 7472 4047 4c49 4243 5f32 2e32 2e35
0067 636f 6e76 5f69 6e69 7400 002e 7379
6d74 6162 002e 7374 7274 6162 002e 7368
7374 7274 6162 002e 6e6f 7465 2e67 6e75
2e70 726f 7065 7274 7900 2e6e 6f74 652e
676e 752e 6275 696c 642d 6964 002e 676e
752e 6861 7368 002e 6479 6e73 796d 002e
6479 6e73 7472 002e 676e 752e 7665 7273
696f 6e00 2e67 6e75 2e76 6572 7369 6f6e
5f72 002e 7265 6c61 2e64 796e 002e 7265
6c61 2e70 6c74 002e 696e 6974 002e 7465
7874 002e 6669 6e69 002e 726f 6461 7461
002e 696e 7465 7270 002e 6568 5f66 7261
6d65 5f68 6472 002e 6568 5f66 7261 6d65
002e 696e 6974 5f61 7272 6179 002e 6669
6e69 5f61 7272 6179 002e 6479 6e61 6d69
6300 2e67 6f74 002e 676f 742e 706c 7400
2e64 6174 6100 2e62 7373 002e 636f 6d6d
656e 7400 2e64 6562 7567 5f61 7261 6e67
6573 002e 6465 6275 675f 696e 666f 002e
6465 6275 675f 6162 6272 6576 002e 6465
6275 675f 6c69 6e65 002e 6465 6275 675f
7374 7200 2e64 6562 7567 5f6c 696e 655f
7374 7200 2e64 6562 7567 5f72 6e67 6c69
7374 7300 0000 0000 0000 0000 0000 0000
0000 0000 0000 0000 0000 0000 0000 0000
0000 0000 0000 0000 0000 0000 0000 0000
0000 0000 0000 0000 0000 0000 0000 0000
0000 0000 0000 0000 1b00 0000 0700 0000
0200 0000 0000 0000 1803 0000 0000 0000
1803 0000 0000 0000 3000 0000 0000 0000
0000 0000 0000 0000 0800 0000 0000 0000
0000 0000 0000 0000 2e00 0000 0700 0000
0200 0000 0000 0000 4803 0000 0000 0000
4803 0000 0000 0000 2400 0000 0000 0000
0000 0000 0000 0000 0400 0000 0000 0000
0000 0000 0000 0000 4100 0000 f6ff ff6f
0200 0000 0000 0000 7003 0000 0000 0000
7003 0000 0000 0000 3c00 0000 0000 0000
0400 0000 0000 0000 0800 0000 0000 0000
0000 0000 0000 0000 4b00 0000 0b00 0000
0200 0000 0000 0000 b003 0000 0000 0000
b003 0000 0000 0000 6003 0000 0000 0000
0500 0000 0100 0000 0800 0000 0000 0000
1800 0000 0000 0000 5300 0000 0300 0000
0200 0000 0000 0000 1007 0000 0000 0000
1007 0000 0000 0000 6801 0000 0000 0000
0000 0000 0000 0000 0100 0000 0000 0000
0000 0000 0000 0000 5b00 0000 ffff ff6f
0200 0000 0000 0000 7808 0000 0000 0000
7808 0000 0000 0000 4800 0000 0000 0000
0400 0000 0000 0000 0200 0000 0000 0000
0200 0000 0000 0000 6800 0000 feff ff6f
0200 0000 0000 0000 c008 0000 0000 0000
c008 0000 0000 0000 5000 0000 0000 0000
0500 0000 0100 0000 0800 0000 0000 0000
0000 0000 0000 0000 7700 0000 0400 0000
0200 0000 0000 0000 1009 0000 0000 0000
1009 0000 0000 0000 c000 0000 0000 0000
0400 0000 0000 0000 0800 0000 0000 0000
1800 0000 0000 0000 8100 0000 0400 0000
4200 0000 0000 0000 d009 0000 0000 0000
d009 0000 0000 0000 7002 0000 0000 0000
0400 0000 1600 0000 0800 0000 0000 0000
1800 0000 0000 0000 8b00 0000 0100 0000
0600 0000 0000 0000 0010 0000 0000 0000
0010 0000 0000 0000 1b00 0000 0000 0000
0000 0000 0000 0000 0400 0000 0000 0000
0000 0000 0000 0000 8600 0000 0100 0000
0600 0000 0000 0000 2010 0000 0000 0000
2010 0000 0000 0000 b001 0000 0000 0000
0000 0000 0000 0000 1000 0000 0000 0000
1000 0000 0000 0000 9100 0000 0100 0000
0600 0000 0000 0000 d011 0000 0000 0000
d011 0000 0000 0000 d205 0000 0000 0000
0000 0000 0000 0000 1000 0000 0000 0000
0000 0000 0000 0000 9700 0000 0100 0000
0600 0000 0000 0000 a417 0000 0000 0000
a417 0000 0000 0000 0d00 0000 0000 0000
0000 0000 0000 0000 0400 0000 0000 0000
0000 0000 0000 0000 9d00 0000 0100 0000
0200 0000 0000 0000 0020 0000 0000 0000
0020 0000 0000 0000 9501 0000 0000 0000
0000 0000 0000 0000 0800 0000 0000 0000
0000 0000 0000 0000 a500 0000 0100 0000
0200 0000 0000 0000 a021 0000 0000 0000
a021 0000 0000 0000 1c00 0000 0000 0000
0000 0000 0000 0000 1000 0000 0000 0000
0000 0000 0000 0000 ad00 0000 0100 0000
0200 0000 0000 0000 bc21 0000 0000 0000
bc21 0000 0000 0000 3c00 0000 0000 0000
0000 0000 0000 0000 0400 0000 0000 0000
0000 0000 0000 0000 bb00 0000 0100 0000
0200 0000 0000 0000 f821 0000 0000 0000
f821 0000 0000 0000 dc00 0000 0000 0000
0000 0000 0000 0000 0800 0000 0000 0000
0000 0000 0000 0000 c500 0000 0e00 0000
0300 0000 0000 0000 083e 0000 0000 0000
082e 0000 0000 0000 0800 0000 0000 0000
0000 0000 0000 0000 0800 0000 0000 0000
0800 0000 0000 0000 d100 0000 0f00 0000
0300 0000 0000 0000 103e 0000 0000 0000
102e 0000 0000 0000 0800 0000 0000 0000
0000 0000 0000 0000 0800 0000 0000 0000
0800 0000 0000 0000 dd00 0000 0600 0000
0300 0000 0000 0000 183e 0000 0000 0000
182e 0000 0000 0000 c001 0000 0000 0000
0500 0000 0000 0000 0800 0000 0000 0000
1000 0000 0000 0000 e600 0000 0100 0000
0300 0000 0000 0000 d83f 0000 0000 0000
d82f 0000 0000 0000 2800 0000 0000 0000
0000 0000 0000 0000 0800 0000 0000 0000
0800 0000 0000 0000 eb00 0000 0100 0000
0300 0000 0000 0000 0040 0000 0000 0000
0030 0000 0000 0000 e800 0000 0000 0000
0000 0000 0000 0000 0800 0000 0000 0000
0800 0000 0000 0000 f400 0000 0100 0000
0300 0000 0000 0000 e840 0000 0000 0000
e830 0000 0000 0000 0800 0000 0000 0000
0000 0000 0000 0000 0800 0000 0000 0000
0000 0000 0000 0000 fa00 0000 0800 0000
0300 0000 0000 0000 f040 0000 0000 0000
f030 0000 0000 0000 0800 0000 0000 0000
0000 0000 0000 0000 0100 0000 0000 0000
0000 0000 0000 0000 ff00 0000 0100 0000
3000 0000 0000 0000 0000 0000 0000 0000
f030 0000 0000 0000 1200 0000 0000 0000
0000 0000 0000 0000 0100 0000 0000 0000
0100 0000 0000 0000 0801 0000 0100 0000
0000 0000 0000 0000 0000 0000 0000 0000
1031 0000 0000 0000 8000 0000 0000 0000
0000 0000 0000 0000 1000 0000 0000 0000
0000 0000 0000 0000 1701 0000 0100 0000
0000 0000 0000 0000 0000 0000 0000 0000
9031 0000 0000 0000 4600 0000 0000 0000
0000 0000 0000 0000 0100 0000 0000 0000
0000 0000 0000 0000 2301 0000 0100 0000
0000 0000 0000 0000 0000 0000 0000 0000
d631 0000 0000 0000 2400 0000 0000 0000
0000 0000 0000 0000 0100 0000 0000 0000
0000 0000 0000 0000 3101 0000 0100 0000
0000 0000 0000 0000 0000 0000 0000 0000
fa31 0000 0000 0000 c900 0000 0000 0000
0000 0000 0000 0000 0100 0000 0000 0000
0000 0000 0000 0000 3d01 0000 0100 0000
3000 0000 0000 0000 0000 0000 0000 0000
c332 0000 0000 0000 5900 0000 0000 0000
0000 0000 0000 0000 0100 0000 0000 0000
0100 0000 0000 0000 4801 0000 0100 0000
3000 0000 0000 0000 0000 0000 0000 0000
1c33 0000 0000 0000 3b00 0000 0000 0000
0000 0000 0000 0000 0100 0000 0000 0000
0100 0000 0000 0000 5801 0000 0100 0000
0000 0000 0000 0000 0000 0000 0000 0000
5733 0000 0000 0000 4200 0000 0000 0000
0000 0000 0000 0000 0100 0000 0000 0000
0000 0000 0000 0000 0100 0000 0200 0000
0000 0000 0000 0000 0000 0000 0000 0000
a033 0000 0000 0000 2805 0000 0000 0000
2200 0000 1400 0000 0800 0000 0000 0000
1800 0000 0000 0000 0900 0000 0300 0000
0000 0000 0000 0000 0000 0000 0000 0000
c838 0000 0000 0000 4403 0000 0000 0000
0000 0000 0000 0000 0100 0000 0000 0000
0000 0000 0000 0000 1100 0000 0300 0000
0000 0000 0000 0000 0000 0000 0000 0000
0c3c 0000 0000 0000 6801 0000 0000 0000
0000 0000 0000 0000 0100 0000 0000 0000
0000 0000 0000 0000 
